1000
1811463
608866
3650138
4576219
3449606
534892
700043
871879
1914736
2749873
1990138
2135669
2202669
4374935
4358189
522395
1599371
2692913
4081598
158509
2693592
4080813
2534706
1172123
4060865
4627746
4322210
1642877
1897252
2102771
3527104
2429333
4594264
2583118
201971
1836382
4306597
463103
3490767
2147196
3913026
3664877
1954091
2843587
4528948
4323414
3271184
2065573
1613846
3056338
3074913
4396321
246362
1215213
4799737
4678486
2971664
1656441
2547778
1859322
804582
3396258
2426141
660625
2093997
934674
2826060
373114
568961
3204193
3194781
4755981
3882353
3098936
205812
4450110
1406966
654232
4454180
933972
4185831
3481002
1374276
3847066
2621747
3072605
750852
1334685
49001
551759
2134283
1924724
428518
1633197
3064348
2542891
4090497
2502524
1479526
3688829
4052012
28648
700743
1231072
88125
2199414
555117
3507548
1576377
1651887
3556020
1410682
2954483
4127132
3788767
2703965
4527052
615659
1582198
1804421
773751
3747864
579847
3859528
118375
1919258
3050128
78102
1248739
1093698
735765
2212315
745700
4513277
4807018
3607121
1735652
3804338
3281489
4829098
1060498
411484
2086146
3798388
2771074
441366
2207465
4665208
4001337
561948
2878698
1378440
2673993
296737
4868654
2237112
1230155
2226479
4264612
2796637
41029
3266723
3626037
4713582
2135138
4275398
3109757
1404407
167557
3664105
4699763
2482556
2302731
1686123
656691
3997095
1127002
4973943
415648
2833801
4741175
4119788
4203800
4838012
4814136
3046433
2989937
4883680
3608912
4835267
4315105
2671877
2005830
1642702
2626643
4860515
1981463
2848075
175939
2168941
4730147
599213
1785883
4607312
2240876
3065903
3442778
4571240
3544832
1379736
4576178
4602459
3077888
1632586
928032
830234
573815
3896599
2969194
4319174
953098
4627331
2338818
4502706
2907748
424836
710478
563918
4504589
516879
179455
4573863
3771968
2339525
1872632
3064026
4445480
2895280
3992419
2184674
1089792
2167287
1779371
286662
3994939
2009359
3783328
2254891
2764484
517394
1973751
4194288
1470541
446807
2236783
2944890
1131427
2286224
3093842
4916248
2841552
1360504
593687
750135
4948071
4063305
3760820
2846165
3533234
4823344
639057
246858
4962030
3236370
95427
2088721
3023140
3542016
122287
2757627
1045064
4058888
3513452
2680639
396115
4979642
2056077
4413105
81214
3852125
4865689
330470
3593136
416975
3757953
3923230
1073201
861106
2921275
4105131
4260973
2387472
2748948
408499
3750823
2403150
2802109
4116424
3601861
425213
3558998
1639623
4499822
2173846
2079210
4717960
3313261
3161827
1944579
4890155
124584
372854
241932
1817931
2107816
2620612
4988688
1626666
2036314
2930731
4187345
3493680
5684
2356144
1280510
992593
2663951
1238558
4510578
4844559
4861763
3914073
4536006
2292102
3413652
3515506
856787
2158825
4625494
4779571
4840971
2630671
2206810
1749357
3396151
3008586
1015030
615197
448458
4813643
4389427
1678285
173474
377409
4138043
854838
657080
1645590
404945
4587538
3099258
3206383
603873
2728966
223968
4235230
3265752
1201495
3410799
1422581
2628521
3847299
4992721
2459109
291057
3235463
777793
4615883
1548361
2901987
2763530
4683432
3673980
4428535
2328522
1710699
4672857
290861
4569670
1763348
1016533
312292
1704572
653370
4406355
2509308
2269394
2450647
4251459
3240480
1883040
1336986
4939675
25052
4538335
1260023
1369867
4773610
2027340
1631127
1380413
4657655
1807547
3389341
2693625
3752910
1549846
1999515
2874858
2659051
4082818
681058
1201152
3474235
1781441
2597216
1150423
4421502
2544286
2326484
2796467
3390866
4116701
4433160
4688562
3571341
3429014
259614
2732409
439548
4765616
2709853
4019861
1942723
1072851
1059329
4904683
3452205
3155934
4136104
298474
2540114
3126564
2279558
1868320
3267594
1616171
3106622
2602541
4924761
2709599
3425512
2280823
3308609
499420
1373972
2217797
1015644
445307
3426483
1548043
3758466
4507391
3578345
4036242
1095941
1178273
99856
289342
3432629
1221123
106972
3359891
731173
1640268
374460
1916429
2719742
4108489
1607673
135071
7375
7487
1624384
3977285
3114445
565951
4069018
1327698
4385680
260865
3096429
3121116
372549
2675121
4483890
2049827
2242531
4347140
2223855
1219988
2606293
2620
4866775
3175660
3819508
1497696
4523533
4800490
4137275
3626580
2589254
2500376
2702955
1950131
1684739
3835215
2731757
4452462
1217254
2357129
4118671
2223698
1391051
1973164
3316820
3976922
4920522
2871426
1539545
3069911
341635
4990567
2756183
430001
946283
262323
1616513
3894836
3847488
3663182
2446103
4663090
2498982
3308615
459583
4885616
4971701
163877
1357723
111221
4215922
2137223
356680
1989207
2216559
627677
2921978
2562830
2694565
3152955
3205605
3960586
3764902
3242790
3364717
4795079
968215
3004973
1792846
3504667
1036526
1597948
2586807
1360273
4918278
946233
4424716
3446778
1586897
4523656
3887733
1459361
3744062
4036030
2153119
1157617
2560937
3907358
4629301
3330297
874055
109037
3256840
3876011
4373269
1670917
4782686
2908548
2162955
4798744
3684813
1354068
1116082
4587682
2723460
3828996
2749266
4521360
4819920
2353204
328258
2155743
3181668
4737766
2591555
991653
3832919
481491
773365
4164415
805315
4923319
3811280
3048555
4379416
618392
1550082
3220563
291722
4661041
1994648
3561293
363886
2464504
4043785
4265921
4626770
1828505
4237452
373725
4627988
1450087
752554
2898998
582331
2421069
3687284
240840
2412012
1441861
4819449
2480428
2116878
314448
820631
9223
1203393
2781635
3866849
2004220
1060117
93270
1664272
4304072
2778032
519674
3265678
3118903
3448407
4523989
1413111
274540
3487297
3510451
1128499
3850004
2779210
1832982
1143003
325460
2052033
2100195
3143860
707856
1331010
4974259
4905059
4265695
4608315
141699
1861617
3771513
3505384
3124139
2398667
4759893
4547481
3514820
2557100
3737170
1820602
1902176
416493
3202919
2234670
4558931
4262955
3388811
3608012
3049741
4959296
45791
1545492
2040907
2876016
2587894
2456451
3478028
1045940
246343
3839832
1588607
2475801
1062703
2170040
3599141
3448077
3112753
829006
1306751
3527405
4544017
1380244
1432488
2333931
2021694
3111366
3423265
3471848
4469587
1587144
2392335
2493922
2863939
1279573
189472
4432619
3075600
4978211
4940126
2371708
3617292
234925
531845
812147
2264009
377952
1168681
3264481
953044
73228
3373504
171424
4126477
2784108
1538069
72613
4729166
1994762
4153899
3257253
3359508
1535644
2197921
4165552
2971753
4848627
3389854
3873706
4946167
533239
1572598
2204212
3743572
94930
1144491
532636
4100124
53128
1567211
250644
796886
2646032
467689
2103070
2165421
369967
3769900
2621321
2824569
1872732
1452122
4615544
1901743
1251646
3934085
2264507
4859785
3138202
3594540
205244
1960684
1577205
2708653
1952597
1733031
3088860
4199700
3309619
2349171
1914711
3897430
1168460
86766
4528569
4076475
1079513
2478260
1431643
1098637
2293565
3294364
4125223
3467715
1987123
1084108
402364
933835
867997
1936419
1772295
4161492
2043634
4158066
2118758
3006530
719565
3020924
1813086
2741462
610105
878806
510982
467170
1725974
4751118
134705
1680104
533111
819734
4979854
4140457
103238
4021864
3901432
305310
4985736
1544689
4721129
1153691
2785759
4344285
3598739
766630
3749730
1394296
3449924
637536
2899750
4194500
3740420
321531
1377221
2449647
4202284
4652232
1714215
3155313
2659272
4836002
3630784
4400472
2365576
3696641
3130525
1060850
307500
1607189
1991257
2044347
101935
406279
2737783
556601
4248922
3781754
761266
1663074
3267768
573821
3192557
4403424
2627048
2858899
856092
1968593
104757
3065928
657065
3098046
3113981
1584192
2464900
4903568
3154884
1508275
2443551
1899341
481536
1207012
808432
3057475
4820999
1597112
1947782
1435974
642269
2111229
3832462
2839245
3951647
1258676
1697626
4686095
1305765
2116394
2881954
3112505
3959648
3295165
1396887
263723
3360055
3458957
2859561
3876015
3798942
375493
3449117
2192675
1253748
3848610
3842328
4716250
2016462
701561
4413992
3378380
2263456
3180473
1854046
1957898
311729
1248080
550963
3195094
4051327
668340
2801758
